0-3585-5578-7
0-6101-2495-1
0-9207-6379-0
0-3825-6205-4
0-5789-3007-2
0-6047-3106-X
0-9812-6132-9
0-6387-3020-1
0-8014-1119-X
0-8230-5710-0
0-7936-9181-8
0-6005-3776-5
0-1814-8684-9
0-1240-6269-5
0-5027-2446-3
0-3939-9969-6
0-5709-7942-0
0-4669-8087-6
0-1733-6811-5
0-5185-8144-6
0-2629-6718-9
0-8475-8823-8
0-4430-0213-4
0-3443-7794-6
0-2597-3133-1
0-5965-8629-9
0-3620-9514-0
0-8528-1595-6
0-1618-7683-8
0-7055-3188-0
0-8070-1261-0
0-9829-3529-3
0-8790-6903-1
0-9766-8595-7
0-1024-8355-8
0-2874-8980-9
0-8141-4197-8
0-8219-7261-8
0-8490-6691-3
0-2471-4046-5
0-8196-9485-1
0-2120-4554-7
0-8383-4796-7
0-4581-3481-3
0-9483-9514-1
0-1401-9555-6
0-2365-7294-6
0-6318-9663-5
0-6792-8078-2
0-7063-6335-3
0358555787
0610124951
0920763790
0382562054
0578930072
060473106X
0981261329
0638730201
080141119X
0823057100
0793691818
0600537765
0181486849
0124062695
0502724463
0393999696
0570979420
0466980876
0173368115
0518581446
0262967189
0847588238
0443002134
0344377946
0259731331
0596586299
0362095140
0852815956
0161876838
0705531880
0807012610
0982935293
0879069031
0976685957
0102483558
0287489809
0814141978
0821972618
0849066913
0247140465
0819694851
0212045547
0838347967
0458134813
0948395141
0140195556
0236572946
0631896635
0679280782
0706363353
0 3585 5578 7
0 6101 2495 1
0 9207 6379 0
0 3825 6205 4
0 5789 3007 2
0 6047 3106 X
0 9812 6132 9
0 6387 3020 1
0 8014 1119 X
0 8230 5710 0
0 7936 9181 8
0 6005 3776 5
0 1814 8684 9
0 1240 6269 5
0 5027 2446 3
0 3939 9969 6
0 5709 7942 0
0 4669 8087 6
0 1733 6811 5
0 5185 8144 6
0 2629 6718 9
0 8475 8823 8
0 4430 0213 4
0 3443 7794 6
0 2597 3133 1
0 5965 8629 9
0 3620 9514 0
0 8528 1595 6
0 1618 7683 8
0 7055 3188 0
0 8070 1261 0
0 9829 3529 3
0 8790 6903 1
0 9766 8595 7
0 1024 8355 8
0 2874 8980 9
0 8141 4197 8
0 8219 7261 8
0 8490 6691 3
0 2471 4046 5
0 8196 9485 1
0 2120 4554 7
0 8383 4796 7
0 4581 3481 3
0 9483 9514 1
0 1401 9555 6
0 2365 7294 6
0 6318 9663 5
0 6792 8078 2
0 7063 6335 3
